[LEFT_CAM_FHD]
cx = 984.081
cy = 566.927
fx = 1400.06
fy = 1400.06
k1 = -0.169522
k2 = 0.0265417

[RIGHT_CAM_FHD]
cx = 910.552
cy = 580.636
fx = 1399.22
fy = 1399.22
k1 = -0.170576
k2 = 0.0275385

[STEREO]
BaseLine = 119.853
RY = 0.00781566
RX = -0.0183487
RZ = -0.00184163
